# 路点配置文件 - 运动学辨识轨迹
# 格式: 路点名  j1 j2 j3 j4 j5 j6 j7 j8
# 注释行以 # 开头
wp1  0.0  0.0  0.0  0.0  0.0  0.0  0.0  0.0
wp2  30.0  0.0  0.0  0.0  0.0  0.0  0.0  0.0
wp3  -30.0  0.0  0.0  0.0  0.0  0.0  0.0  0.0
wp4  0.0  20.0  0.0  0.0  0.0  0.0  0.0  0.0
wp5  0.0  -20.0  0.0  0.0  0.0  0.0  0.0  0.0
wp6  0.0  0.0  15.0  0.0  0.0  0.0  0.0  0.0
wp7  0.0  0.0  -15.0  0.0  0.0  0.0  0.0  0.0
wp8  0.0  0.0  0.0  25.0  0.0  0.0  0.0  0.0
wp9  0.0  0.0  0.0  -25.0  0.0  0.0  0.0  0.0
wp10  0.0  0.0  0.0  0.0  30.0  0.0  0.0  0.0
wp11  0.0  0.0  0.0  0.0  -30.0  0.0  0.0  0.0
wp12  0.0  0.0  0.0  0.0  0.0  20.0  0.0  0.0
wp13  0.0  0.0  0.0  0.0  0.0  -20.0  0.0  0.0
wp14  0.0  0.0  0.0  0.0  0.0  0.0  10.0  0.0
wp15  0.0  0.0  0.0  0.0  0.0  0.0  -10.0  0.0
wp16  0.0  0.0  0.0  0.0  0.0  0.0  0.0  5.0
wp17  0.0  0.0  0.0  0.0  0.0  0.0  0.0  -5.0
